date	close	average	avup	avdo
8/16/13	14.61	14.66	15.22	14.11
8/15/13	14.63	14.66	15.22	14.11
8/14/13	14.78	14.66	15.22	14.11
8/13/13	14.83	14.66	15.22	14.11
8/12/13	14.89	14.66	15.22	14.11
8/9/13	15.01	14.66	15.22	14.11
8/8/13	15.02	14.66	15.22	14.11
8/7/13	15	14.66	15.22	14.11
8/6/13	15.08	14.66	15.22	14.11
8/5/13	15.05	14.66	15.22	14.11
8/2/13	15.03	14.66	15.22	14.11
8/1/13	15.15	14.66	15.22	14.11
7/31/13	14.98	14.66	15.22	14.11
7/30/13	15.06	14.66	15.22	14.11
7/29/13	15.05	14.66	15.22	14.11
7/26/13	15.18	14.66	15.22	14.11
7/25/13	15.25	14.66	15.22	14.11
7/24/13	15.25	14.66	15.22	14.11
7/23/13	15.29	14.66	15.22	14.11
7/22/13	15.25	14.66	15.22	14.11
7/19/13	15.33	14.66	15.22	14.11
7/18/13	15.24	14.66	15.22	14.11
7/17/13	15.25	14.66	15.22	14.11
7/16/13	15.03	14.66	15.22	14.11
7/15/13	15.31	14.66	15.22	14.11
7/12/13	15.31	14.66	15.22	14.11
7/11/13	15.31	14.66	15.22	14.11
7/10/13	15.19	14.66	15.22	14.11
7/9/13	15.24	14.66	15.22	14.11
7/8/13	15.14	14.66	15.22	14.11
7/5/13	15.13	14.66	15.22	14.11
7/3/13	15.12	14.66	15.22	14.11
7/2/13	15.08	14.66	15.22	14.11
7/1/13	15.11	14.66	15.22	14.11
6/28/13	14.9	14.66	15.22	14.11
6/27/13	14.95	14.66	15.22	14.11
6/26/13	14.98	14.66	15.22	14.11
6/25/13	14.76	14.66	15.22	14.11
6/24/13	14.7	14.66	15.22	14.11
6/21/13	14.78	14.66	15.22	14.11
6/20/13	14.56	14.66	15.22	14.11
6/19/13	15.01	14.66	15.22	14.11
6/18/13	15.19	14.66	15.22	14.11
6/17/13	15.1	14.66	15.22	14.11
6/14/13	14.98	14.66	15.22	14.11
6/13/13	15.01	14.66	15.22	14.11
6/12/13	15	14.66	15.22	14.11
6/11/13	15.14	14.66	15.22	14.11
6/10/13	15.28	14.66	15.22	14.11
6/7/13	15.36	14.66	15.22	14.11
6/6/13	15.14	14.66	15.22	14.11
6/5/13	15.09	14.66	15.22	14.11
6/4/13	15.36	14.66	15.22	14.11
6/3/13	15.15	14.66	15.22	14.11
5/31/13	14.86	14.66	15.22	14.11
5/30/13	15.13	14.66	15.22	14.11
5/29/13	15.35	14.66	15.22	14.11
5/28/13	15.76	14.66	15.22	14.11
5/24/13	15.65	14.66	15.22	14.11
5/23/13	15.54	14.66	15.22	14.11
5/22/13	15.65	14.66	15.22	14.11
5/21/13	15.68	14.66	15.22	14.11
5/20/13	15.7	14.66	15.22	14.11
5/17/13	15.91	14.66	15.22	14.11
5/16/13	15.95	14.66	15.22	14.11
5/15/13	15.89	14.66	15.22	14.11
5/14/13	15.75	14.66	15.22	14.11
5/13/13	15.63	14.66	15.22	14.11
5/10/13	15.62	14.66	15.22	14.11
5/9/13	15.61	14.66	15.22	14.11
5/8/13	15.73	14.66	15.22	14.11
5/7/13	15.81	14.66	15.22	14.11
5/6/13	15.59	14.66	15.22	14.11
5/3/13	15.65	14.66	15.22	14.11
5/2/13	15.55	14.66	15.22	14.11
5/1/13	15.64	14.66	15.22	14.11
4/30/13	15.68	14.66	15.22	14.11
4/29/13	15.65	14.66	15.22	14.11
4/26/13	15.6	14.66	15.22	14.11
4/25/13	15.69	14.66	15.22	14.11
4/24/13	15.62	14.66	15.22	14.11
4/23/13	15.81	14.66	15.22	14.11
4/22/13	15.82	14.66	15.22	14.11
4/19/13	15.8	14.66	15.22	14.11
4/18/13	15.6	14.66	15.22	14.11
4/17/13	15.76	14.66	15.22	14.11
4/16/13	15.69	14.66	15.22	14.11
4/15/13	14.89	14.66	15.22	14.11
4/12/13	15.24	14.66	15.22	14.11
4/11/13	15.28	14.66	15.22	14.11
4/10/13	15.24	14.66	15.22	14.11
4/9/13	15.11	14.66	15.22	14.11
4/8/13	15.16	14.66	15.22	14.11
4/5/13	14.89	14.66	15.22	14.11
4/4/13	15.05	14.66	15.22	14.11
4/3/13	14.92	14.66	15.22	14.11
4/2/13	15.12	14.66	15.22	14.11
4/1/13	15.02	14.66	15.22	14.11
3/28/13	15.08	14.66	15.22	14.11
3/27/13	15	14.66	15.22	14.11
3/26/13	15.17	14.66	15.22	14.11
3/25/13	14.97	14.66	15.22	14.11
3/22/13	14.94	14.66	15.22	14.11
3/21/13	14.95	14.66	15.22	14.11
3/20/13	14.88	14.66	15.22	14.11
3/19/13	14.69	14.66	15.22	14.11
3/18/13	14.49	14.66	15.22	14.11
3/15/13	14.51	14.66	15.22	14.11
3/14/13	14.58	14.66	15.22	14.11
3/13/13	14.43	14.66	15.22	14.11
3/12/13	14.56	14.66	15.22	14.11
3/11/13	14.68	14.66	15.22	14.11
3/8/13	14.65	14.66	15.22	14.11
3/7/13	14.62	14.66	15.22	14.11
3/6/13	14.58	14.66	15.22	14.11
3/5/13	14.46	14.66	15.22	14.11
3/4/13	14.51	14.66	15.22	14.11
3/1/13	14.47	14.66	15.22	14.11
2/28/13	14.47	14.66	15.22	14.11
2/27/13	14.38	14.66	15.22	14.11
2/26/13	14.26	14.66	15.22	14.11
2/25/13	14.12	14.66	15.22	14.11
2/22/13	14.4	14.66	15.22	14.11
2/21/13	14.12	14.66	15.22	14.11
2/20/13	14.12	14.66	15.22	14.11
2/19/13	14.1	14.66	15.22	14.11
2/15/13	14.02	14.66	15.22	14.11
2/14/13	13.81	14.66	15.22	14.11
2/13/13	13.94	14.66	15.22	14.11
2/12/13	14.06	14.66	15.22	14.11
2/11/13	14.44	14.66	15.22	14.11
2/8/13	14.49	14.66	15.22	14.11
2/7/13	14.54	14.66	15.22	14.11
2/6/13	14.33	14.66	15.22	14.11
2/5/13	14.27	14.66	15.22	14.11
2/4/13	13.99	14.66	15.22	14.11
2/1/13	14.06	14.66	15.22	14.11
1/31/13	13.95	14.66	15.22	14.11
1/30/13	14.04	14.66	15.22	14.11
1/29/13	14.02	14.66	15.22	14.11
1/28/13	13.87	14.66	15.22	14.11
1/25/13	13.88	14.66	15.22	14.11
1/24/13	13.91	14.66	15.22	14.11
1/23/13	13.91	14.66	15.22	14.11
1/22/13	13.91	14.66	15.22	14.11
1/18/13	14.11	14.66	15.22	14.11
1/17/13	14.05	14.66	15.22	14.11
1/16/13	13.98	14.66	15.22	14.11
1/15/13	13.98	14.66	15.22	14.11
1/14/13	13.86	14.66	15.22	14.11
1/11/13	13.84	14.66	15.22	14.11
1/10/13	13.85	14.66	15.22	14.11
1/9/13	13.88	14.66	15.22	14.11
1/8/13	13.88	14.66	15.22	14.11
1/7/13	13.97	14.66	15.22	14.11
1/4/13	14.1	14.66	15.22	14.11
1/3/13	14.08	14.66	15.22	14.11
1/2/13	14.08	14.66	15.22	14.11
12/31/12	13.75	14.66	15.22	14.11
12/28/12	13.65	14.66	15.22	14.11
12/27/12	13.82	14.66	15.22	14.11
12/26/12	13.82	14.66	15.22	14.11
12/24/12	13.93	14.66	15.22	14.11
12/21/12	13.98	14.66	15.22	14.11
12/20/12	14.04	14.66	15.22	14.11
12/19/12	13.94	14.66	15.22	14.11
12/18/12	14.12	14.66	15.22	14.11
12/17/12	14.2	14.66	15.22	14.11
12/14/12	14.26	14.66	15.22	14.11
12/13/12	14.24	14.66	15.22	14.11
12/12/12	14.25	14.66	15.22	14.11
12/11/12	14.33	14.66	15.22	14.11
12/10/12	14.25	14.66	15.22	14.11
12/7/12	14.28	14.66	15.22	14.11
12/6/12	14.16	14.66	15.22	14.11
12/5/12	14.13	14.66	15.22	14.11
12/4/12	14.08	14.66	15.22	14.11
12/3/12	14.16	14.66	15.22	14.11
11/30/12	14.35	14.66	15.22	14.11
11/29/12	14.37	14.66	15.22	14.11
11/28/12	14.22	14.66	15.22	14.11
11/27/12	14.17	14.66	15.22	14.11
11/26/12	14.15	14.66	15.22	14.11
11/23/12	14.36	14.66	15.22	14.11
11/21/12	14.16	14.66	15.22	14.11
11/20/12	14.11	14.66	15.22	14.11
11/19/12	14.11	14.66	15.22	14.11
11/16/12	13.87	14.66	15.22	14.11
11/15/12	13.82	14.66	15.22	14.11
11/14/12	13.67	14.66	15.22	14.11
11/13/12	13.72	14.66	15.22	14.11
11/12/12	13.69	14.66	15.22	14.11
11/9/12	13.77	14.66	15.22	14.11
11/8/12	13.79	14.66	15.22	14.11
11/7/12	13.92	14.66	15.22	14.11
11/6/12	14.17	14.66	15.22	14.11
11/5/12	13.94	14.66	15.22	14.11
11/2/12	14.05	14.66	15.22	14.11
11/1/12	14.14	14.66	15.22	14.11
10/31/12	14.09	14.66	15.22	14.11
10/26/12	14.04	14.66	15.22	14.11
10/25/12	14.06	14.66	15.22	14.11
10/24/12	13.98	14.66	15.22	14.11
10/23/12	13.88	14.66	15.22	14.11
10/22/12	14.11	14.66	15.22	14.11
10/19/12	14.17	14.66	15.22	14.11
10/18/12	14.32	14.66	15.22	14.11
10/17/12	14.29	14.66	15.22	14.11
10/16/12	14.35	14.66	15.22	14.11
10/15/12	14.43	14.66	15.22	14.11
10/12/12	14.46	14.66	15.22	14.11
10/11/12	14.42	14.66	15.22	14.11
10/10/12	14.41	14.66	15.22	14.11
10/9/12	14.58	14.66	15.22	14.11
10/8/12	14.59	14.66	15.22	14.11
10/5/12	14.59	14.66	15.22	14.11
10/4/12	14.5	14.66	15.22	14.11
10/3/12	14.47	14.66	15.22	14.11
10/2/12	14.5	14.66	15.22	14.11
10/1/12	14.52	14.66	15.22	14.11
9/28/12	14.58	14.66	15.22	14.11
9/27/12	14.72	14.66	15.22	14.11
9/26/12	14.52	14.66	15.22	14.11
9/25/12	14.49	14.66	15.22	14.11
9/24/12	14.65	14.66	15.22	14.11
9/21/12	14.62	14.66	15.22	14.11
9/20/12	14.84	14.66	15.22	14.11
9/19/12	14.8	14.66	15.22	14.11
9/18/12	14.83	14.66	15.22	14.11
9/17/12	14.73	14.66	15.22	14.11
9/14/12	14.65	14.66	15.22	14.11
9/13/12	14.73	14.66	15.22	14.11
9/12/12	14.45	14.66	15.22	14.11
9/11/12	14.53	14.66	15.22	14.11
9/10/12	14.49	14.66	15.22	14.11
9/7/12	14.57	14.66	15.22	14.11
9/6/12	14.66	14.66	15.22	14.11
9/5/12	14.43	14.66	15.22	14.11
9/4/12	14.35	14.66	15.22	14.11
8/31/12	14.39	14.66	15.22	14.11
8/30/12	14.3	14.66	15.22	14.11
8/29/12	14.41	14.66	15.22	14.11
8/28/12	14.61	14.66	15.22	14.11
8/27/12	14.67	14.66	15.22	14.11
8/24/12	14.78	14.66	15.22	14.11
8/23/12	14.65	14.66	15.22	14.11
8/22/12	14.89	14.66	15.22	14.11
8/21/12	15.06	14.66	15.22	14.11
8/20/12	15.14	14.66	15.22	14.11
8/17/12	15.16	14.66	15.22	14.11
8/16/12	15.17	14.66	15.22	14.11
8/15/12	15.1	14.66	15.22	14.11
8/14/12	15.11	14.66	15.22	14.11
8/13/12	15.08	14.66	15.22	14.11
8/10/12	15.11	14.66	15.22	14.11
8/9/12	15.19	14.66	15.22	14.11
8/8/12	15.25	14.66	15.22	14.11
8/7/12	15.29	14.66	15.22	14.11
8/6/12	15.45	14.66	15.22	14.11
8/3/12	15.48	14.66	15.22	14.11
8/2/12	15.29	14.66	15.22	14.11
8/1/12	15.51	14.66	15.22	14.11
7/31/12	15.48	14.66	15.22	14.11
7/30/12	15.53	14.66	15.22	14.11
7/27/12	15.33	14.66	15.22	14.11
7/26/12	15.12	14.66	15.22	14.11
7/25/12	14.79	14.66	15.22	14.11
7/24/12	14.73	14.66	15.22	14.11
7/23/12	14.77	14.66	15.22	14.11
7/20/12	14.79	14.66	15.22	14.11
7/19/12	14.89	14.66	15.22	14.11
7/18/12	14.87	14.66	15.22	14.11
7/17/12	14.91	14.66	15.22	14.11
7/16/12	14.7	14.66	15.22	14.11
7/13/12	14.84	14.66	15.22	14.11
7/12/12	14.72	14.66	15.22	14.11
7/11/12	14.87	14.66	15.22	14.11
7/10/12	14.97	14.66	15.22	14.11
7/9/12	14.97	14.66	15.22	14.11
7/6/12	15	14.66	15.22	14.11
7/5/12	15.05	14.66	15.22	14.11
7/3/12	15.18	14.66	15.22	14.11
7/2/12	15.14	14.66	15.22	14.11
6/29/12	15.24	14.66	15.22	14.11
6/28/12	14.94	14.66	15.22	14.11
6/27/12	14.9	14.66	15.22	14.11
6/26/12	14.67	14.66	15.22	14.11
6/25/12	14.61	14.66	15.22	14.11
6/22/12	14.64	14.66	15.22	14.11
6/21/12	14.59	14.66	15.22	14.11
6/20/12	14.76	14.66	15.22	14.11
6/19/12	14.79	14.66	15.22	14.11
6/18/12	14.83	14.66	15.22	14.11
6/15/12	14.85	14.66	15.22	14.11
6/14/12	14.79	14.66	15.22	14.11
6/13/12	14.6	14.66	15.22	14.11
6/12/12	14.69	14.66	15.22	14.11
6/11/12	14.59	14.66	15.22	14.11
6/8/12	14.7	14.66	15.22	14.11
6/7/12	14.52	14.66	15.22	14.11
6/6/12	14.58	14.66	15.22	14.11
6/5/12	14.33	14.66	15.22	14.11
6/4/12	14.4	14.66	15.22	14.11
6/1/12	14.3	14.66	15.22	14.11
5/31/12	14.6	14.66	15.22	14.11
5/30/12	14.66	14.66	15.22	14.11
5/29/12	14.74	14.66	15.22	14.11
5/25/12	14.7	14.66	15.22	14.11
5/24/12	14.76	14.66	15.22	14.11
5/23/12	14.57	14.66	15.22	14.11
5/22/12	14.51	14.66	15.22	14.11
5/21/12	14.56	14.66	15.22	14.11
5/18/12	14.48	14.66	15.22	14.11
5/17/12	14.68	14.66	15.22	14.11
5/16/12	14.9	14.66	15.22	14.11
5/15/12	14.94	14.66	15.22	14.11
5/14/12	15	14.66	15.22	14.11
5/11/12	15.11	14.66	15.22	14.11
5/10/12	15.1	14.66	15.22	14.11
5/9/12	14.98	14.66	15.22	14.11
5/8/12	15.05	14.66	15.22	14.11
5/7/12	15.07	14.66	15.22	14.11
5/4/12	15.02	14.66	15.22	14.11
5/3/12	15.1	14.66	15.22	14.11
5/2/12	15.05	14.66	15.22	14.11
5/1/12	15.01	14.66	15.22	14.11
4/30/12	14.9	14.66	15.22	14.11
4/27/12	14.95	14.66	15.22	14.11
4/26/12	14.78	14.66	15.22	14.11
4/25/12	14.64	14.66	15.22	14.11
4/24/12	14.49	14.66	15.22	14.11
4/23/12	14.41	14.66	15.22	14.11
4/20/12	14.49	14.66	15.22	14.11
4/19/12	14.44	14.66	15.22	14.11
4/18/12	14.5	14.66	15.22	14.11
4/17/12	14.46	14.66	15.22	14.11
4/16/12	14.18	14.66	15.22	14.11
4/13/12	14.09	14.66	15.22	14.11
4/12/12	14.14	14.66	15.22	14.11
4/11/12	14.12	14.66	15.22	14.11
4/10/12	14.11	14.66	15.22	14.11
4/9/12	14.26	14.66	15.22	14.11
4/5/12	14.37	14.66	15.22	14.11
4/4/12	14.37	14.66	15.22	14.11
4/3/12	14.43	14.66	15.22	14.11
4/2/12	14.5	14.66	15.22	14.11
3/30/12	14.47	14.66	15.22	14.11
3/29/12	14.44	14.66	15.22	14.11
3/28/12	14.22	14.66	15.22	14.11
3/27/12	14.08	14.66	15.22	14.11
3/26/12	14.08	14.66	15.22	14.11
3/23/12	14.01	14.66	15.22	14.11
3/22/12	14	14.66	15.22	14.11
3/21/12	13.94	14.66	15.22	14.11
3/20/12	13.84	14.66	15.22	14.11
3/19/12	13.81	14.66	15.22	14.11
3/16/12	13.76	14.66	15.22	14.11
3/15/12	13.8	14.66	15.22	14.11
3/14/12	13.78	14.66	15.22	14.11
3/13/12	13.78	14.66	15.22	14.11
3/12/12	13.76	14.66	15.22	14.11
3/9/12	13.65	14.66	15.22	14.11
3/8/12	13.6	14.66	15.22	14.11
3/7/12	13.51	14.66	15.22	14.11
3/6/12	13.51	14.66	15.22	14.11
3/5/12	13.59	14.66	15.22	14.11
3/2/12	13.58	14.66	15.22	14.11
3/1/12	13.66	14.66	15.22	14.11
